R1=1000;
R2=1000;
C1=1e-6;
C2=1e-6;

A=[-1/(R1*C1) 0;1/(R2*C2) -1/(R2*C2)];
B=[1/(R1*C1);0];
C=[0 1];
D=0;

